"Date","Time","Open","High","Low","Close","Up","Down","xHigh","xLow","xOpen","xClose"
01/02/2014,09:05,1836.50,1837.25,1836.25,1837.25,1314,51,0.00,0.00,0.00,0.00
01/02/2014,09:10,1837.25,1837.50,1836.25,1836.50,1492,1700,1837.50,0.00,0.00,1469.35
01/02/2014,09:15,1836.50,1837.00,1836.00,1836.25,520,1690,1837.00,734.67,734.67,1616.04
01/02/2014,09:20,1836.50,1836.75,1835.75,1836.50,2045,1329,1836.75,1175.36,1175.36,1704.17
01/02/2014,09:25,1836.25,1837.00,1836.25,1837.00,1213,1135,1837.00,1439.76,1439.76,1757.40
01/02/2014,09:30,1836.75,1837.50,1836.50,1837.25,2605,2283,1837.50,1598.58,1598.58,1789.42
01/02/2014,09:35,1837.25,1838.00,1835.25,1836.25,20019,25663,1838.00,1694.00,1694.00,1807.95
01/02/2014,09:40,1836.50,1836.50,1832.00,1832.25,18800,23663,1836.50,1750.97,1750.97,1816.79
01/02/2014,09:45,1832.25,1833.00,1830.25,1832.75,26198,20433,1833.00,1783.88,1783.88,1822.53
01/02/2014,09:50,1833.00,1833.75,1832.25,1833.25,16747,12778,1833.75,1803.21,1803.21,1827.14
01/02/2014,09:55,1833.50,1834.25,1831.75,1834.00,20292,17011,1834.25,1815.17,1815.17,1829.83
01/02/2014,10:00,1834.00,1834.25,1832.50,1832.75,6067,6344,1834.25,1822.50,1822.50,1830.95
01/02/2014,10:05,1833.00,1833.75,1828.25,1830.50,18988,23751,1833.75,1826.73,1826.73,1829.95
01/02/2014,10:10,1830.25,1831.25,1830.00,1831.25,11707,11249,1831.25,1828.34,1828.34,1830.42
01/02/2014,10:15,1831.25,1832.75,1831.00,1832.25,8030,5493,1832.75,1829.38,1829.38,1831.53
01/02/2014,10:20,1832.00,1833.00,1831.75,1832.25,3912,6161,1833.00,1830.45,1830.45,1831.94
01/02/2014,10:25,1832.25,1832.75,1830.75,1831.25,4039,6002,1832.75,1830.75,1831.20,1831.44
01/02/2014,10:30,1831.25,1832.00,1830.25,1831.50,5433,4802,1832.00,1830.25,1831.32,1831.31
01/02/2014,10:35,1831.50,1832.00,1830.50,1831.25,5516,4935,1832.00,1830.50,1831.32,1831.26
01/02/2014,10:40,1831.50,1831.75,1830.25,1830.75,3743,4889,1831.75,1830.25,1831.29,1830.96
01/02/2014,10:45,1831.00,1834.00,1831.00,1833.25,12558,8882,1834.00,1831.00,1831.12,1832.52
01/02/2014,10:50,1833.25,1833.50,1832.25,1832.50,4034,3819,1833.50,1831.82,1831.82,1832.51
01/02/2014,10:55,1832.75,1833.00,1831.00,1832.00,11871,8614,1833.00,1831.00,1832.17,1832.03
01/02/2014,11:00,1832.00,1832.25,1831.50,1832.25,3880,2419,1832.25,1831.50,1832.10,1832.07
01/02/2014,11:05,1832.00,1832.25,1830.50,1830.75,3848,4759,1832.25,1830.50,1832.09,1831.27
01/02/2014,11:10,1830.75,1832.50,1830.50,1832.00,8305,3709,1832.50,1830.50,1831.68,1831.74
01/02/2014,11:15,1832.00,1832.50,1831.25,1831.75,4896,4054,1832.50,1831.25,1831.71,1831.79
01/02/2014,11:20,1831.75,1832.75,1831.25,1832.50,3822,3151,1832.75,1831.25,1831.75,1832.15
01/02/2014,11:25,1832.25,1833.25,1832.00,1832.50,3328,3947,1833.25,1831.95,1831.95,1832.44
01/02/2014,11:30,1832.50,1832.75,1831.00,1831.50,4084,5620,1832.75,1831.00,1832.19,1831.79
01/02/2014,11:35,1831.50,1831.75,1829.75,1830.00,6360,7034,1831.99,1829.75,1831.99,1830.70
01/02/2014,11:40,1830.00,1830.75,1829.75,1830.25,5289,2972,1831.35,1829.75,1831.35,1830.47
01/02/2014,11:45,1830.00,1830.75,1829.75,1830.75,3861,2916,1830.91,1829.75,1830.91,1830.58
01/02/2014,11:50,1830.75,1830.75,1828.50,1828.75,4447,7704,1830.75,1828.50,1830.74,1829.50
01/02/2014,11:55,1828.75,1828.75,1826.25,1827.00,11900,17300,1830.12,1826.25,1830.12,1827.82
01/02/2014,12:00,1827.00,1827.50,1825.50,1827.25,12314,8894,1828.97,1825.50,1828.97,1827.29
01/02/2014,12:05,1827.50,1828.00,1826.75,1827.75,6763,4296,1828.13,1826.75,1828.13,1827.68
01/02/2014,12:10,1827.50,1828.50,1827.50,1828.00,5579,2824,1828.50,1827.50,1827.91,1827.98
01/02/2014,12:15,1828.00,1828.25,1827.00,1827.50,2059,2953,1828.25,1827.00,1827.94,1827.64
01/02/2014,12:20,1827.25,1827.50,1826.50,1826.75,3473,4471,1827.79,1826.50,1827.79,1827.06
01/02/2014,12:25,1827.00,1827.25,1826.50,1827.00,4446,2962,1827.42,1826.50,1827.42,1827.03
01/02/2014,12:30,1827.00,1827.25,1825.50,1826.50,5435,9454,1827.25,1825.50,1827.23,1826.60
01/02/2014,12:35,1826.50,1826.50,1824.75,1826.00,6160,10058,1826.91,1824.75,1826.91,1826.03
01/02/2014,12:40,1826.00,1826.50,1825.75,1826.50,4700,2559,1826.50,1825.75,1826.47,1826.34
01/02/2014,12:45,1826.50,1826.75,1824.25,1824.75,5255,7622,1826.75,1824.25,1826.41,1825.38
01/02/2014,12:50,1825.00,1826.25,1824.75,1826.00,4529,2469,1826.25,1824.75,1825.90,1825.78
01/02/2014,12:55,1826.00,1826.75,1825.50,1826.50,5358,3758,1826.75,1825.50,1825.84,1826.22
01/02/2014,13:00,1826.25,1827.25,1825.50,1827.25,7438,2870,1827.25,1825.50,1826.03,1826.66
01/02/2014,13:05,1827.25,1828.00,1827.00,1827.25,5113,2836,1828.00,1826.34,1826.34,1827.17
01/02/2014,13:10,1827.25,1827.50,1826.50,1826.50,1090,2955,1827.50,1826.50,1826.75,1826.75
01/02/2014,13:15,1826.50,1826.75,1826.25,1826.25,1152,870,1826.75,1826.25,1826.75,1826.45
01/02/2014,13:20,1826.25,1826.50,1826.00,1826.25,944,1490,1826.60,1826.00,1826.60,1826.32
01/02/2014,13:25,1826.25,1826.75,1825.25,1825.75,4815,3386,1826.75,1825.25,1826.46,1825.99
01/02/2014,13:30,1825.75,1826.25,1825.25,1825.75,2015,2774,1826.25,1825.25,1826.23,1825.85
01/02/2014,13:35,1825.75,1826.00,1824.25,1825.50,3913,7261,1826.04,1824.25,1826.04,1825.46
01/02/2014,13:40,1825.50,1826.25,1824.75,1825.00,3773,2606,1826.25,1824.75,1825.75,1825.35
01/02/2014,13:45,1824.75,1825.50,1824.75,1824.75,3719,5010,1825.55,1824.75,1825.55,1825.06
01/02/2014,13:50,1825.00,1827.75,1824.25,1826.75,9147,8331,1827.75,1824.25,1825.30,1826.16
01/02/2014,13:55,1826.50,1827.25,1825.50,1825.75,4114,4410,1827.25,1825.50,1825.73,1826.00
01/02/2014,14:00,1826.00,1826.75,1825.75,1826.75,2242,2123,1826.75,1825.75,1825.86,1826.37
01/02/2014,14:05,1826.75,1827.75,1826.50,1827.00,3854,4732,1827.75,1826.12,1826.12,1826.87
01/02/2014,14:10,1827.00,1828.00,1827.00,1827.00,2752,4866,1828.00,1826.50,1826.50,1827.10
01/02/2014,14:15,1827.25,1828.00,1826.00,1826.00,6301,5822,1828.00,1826.00,1826.80,1826.56
01/02/2014,14:20,1826.00,1826.25,1822.50,1823.00,8337,19619,1826.68,1822.50,1826.68,1824.29
01/02/2014,14:25,1823.00,1824.00,1821.75,1823.75,8209,8033,1825.48,1821.75,1825.48,1823.75
01/02/2014,14:30,1823.75,1824.00,1823.00,1823.25,3074,2572,1824.61,1823.00,1824.61,1823.62
01/02/2014,14:35,1823.25,1824.50,1823.25,1824.50,4045,1173,1824.50,1823.25,1824.12,1824.17
01/02/2014,14:40,1824.25,1825.00,1824.00,1824.50,3791,2771,1825.00,1824.00,1824.15,1824.43
01/02/2014,14:45,1824.75,1826.00,1824.50,1825.50,5794,2476,1826.00,1824.29,1824.29,1825.16
01/02/2014,14:50,1825.25,1826.25,1824.75,1825.75,4342,2298,1826.25,1824.72,1824.72,1825.44
01/02/2014,14:55,1826.00,1826.25,1825.25,1825.50,4908,1311,1826.25,1825.08,1825.08,1825.52
01/02/2014,15:00,1825.50,1826.00,1824.25,1824.75,1728,3768,1826.00,1824.25,1825.30,1825.01
01/02/2014,15:05,1824.50,1825.75,1824.25,1825.00,3421,3416,1825.75,1824.25,1825.16,1825.03
01/02/2014,15:10,1824.75,1825.75,1824.50,1825.75,4204,2836,1825.75,1824.50,1825.09,1825.37
01/02/2014,15:15,1825.75,1827.50,1825.75,1826.75,6925,3895,1827.50,1825.23,1825.23,1826.40
01/02/2014,15:20,1827.00,1828.75,1826.75,1828.25,8005,7537,1828.75,1825.81,1825.81,1827.56
01/02/2014,15:25,1828.25,1828.75,1827.50,1827.75,4161,6129,1828.75,1826.69,1826.69,1827.69
01/02/2014,15:30,1827.75,1828.50,1826.75,1826.75,2979,6262,1828.50,1826.75,1827.19,1827.19
01/02/2014,15:35,1826.75,1827.50,1826.00,1826.50,7633,6012,1827.50,1826.00,1827.19,1826.74
01/02/2014,15:40,1826.50,1827.25,1825.25,1825.75,7669,5811,1827.25,1825.25,1826.96,1826.19
01/02/2014,15:45,1825.75,1827.00,1825.50,1826.75,5926,4029,1827.00,1825.50,1826.58,1826.52
01/02/2014,15:50,1826.75,1829.25,1826.50,1828.00,11423,8493,1829.25,1826.50,1826.55,1827.66
01/02/2014,15:55,1828.00,1828.50,1826.75,1827.75,3930,7636,1828.50,1826.75,1827.10,1827.57
01/02/2014,16:00,1827.75,1828.25,1826.00,1826.25,17802,27839,1828.25,1826.00,1827.34,1826.82
01/02/2014,16:05,1826.25,1827.50,1826.00,1827.25,17259,15987,1827.50,1826.00,1827.08,1827.02
01/02/2014,16:10,1827.25,1827.50,1827.00,1827.50,3981,3624,1827.50,1827.00,1827.05,1827.31
01/02/2014,16:15,1827.50,1828.00,1826.25,1826.25,6151,12686,1828.00,1826.25,1827.18,1826.79
01/02/2014,16:35,1826.50,1826.50,1826.25,1826.50,1615,730,1826.98,1826.25,1826.98,1826.55
01/02/2014,16:40,1826.25,1826.75,1826.25,1826.50,1000,165,1826.76,1826.25,1826.76,1826.55
01/02/2014,16:45,1826.75,1826.75,1826.50,1826.50,186,927,1826.75,1826.50,1826.66,1826.58
01/02/2014,16:50,1826.50,1826.75,1826.25,1826.25,107,377,1826.75,1826.25,1826.62,1826.42
01/02/2014,16:55,1826.25,1826.75,1826.25,1826.75,131,51,1826.75,1826.25,1826.52,1826.60
01/02/2014,17:00,1826.50,1826.75,1826.50,1826.75,222,88,1826.75,1826.50,1826.56,1826.66
01/02/2014,17:05,1826.75,1827.00,1826.50,1827.00,416,108,1827.00,1826.50,1826.61,1826.82
01/02/2014,17:10,1827.00,1827.00,1826.75,1826.75,259,13,1827.00,1826.72,1826.72,1826.79
01/02/2014,17:15,1826.75,1827.00,1826.50,1826.50,20,616,1827.00,1826.50,1826.76,1826.65
01/02/2014,18:05,1827.25,1827.75,1827.00,1827.50,427,288,1827.75,1826.70,1826.70,1827.29
01/02/2014,18:10,1827.25,1827.50,1827.25,1827.50,42,128,1827.50,1827.00,1827.00,1827.35
01/02/2014,18:15,1827.25,1827.50,1827.25,1827.50,16,10,1827.50,1827.17,1827.17,1827.38
01/02/2014,18:20,1827.50,1827.50,1827.25,1827.50,11,16,1827.50,1827.25,1827.28,1827.41
01/02/2014,18:25,1827.50,1827.50,1827.00,1827.25,55,85,1827.50,1827.00,1827.34,1827.27
01/02/2014,18:30,1827.25,1827.25,1827.00,1827.25,161,17,1827.31,1827.00,1827.31,1827.21
01/02/2014,18:35,1827.25,1827.25,1827.00,1827.00,10,138,1827.26,1827.00,1827.26,1827.10
01/02/2014,18:40,1827.00,1827.25,1827.00,1827.25,8,37,1827.25,1827.00,1827.18,1827.19
01/02/2014,18:45,1827.25,1827.50,1827.00,1827.25,60,105,1827.50,1827.00,1827.18,1827.24
01/02/2014,18:50,1827.25,1828.00,1827.00,1827.75,397,157,1828.00,1827.00,1827.21,1827.54
01/02/2014,18:55,1827.50,1828.00,1827.50,1827.75,84,74,1828.00,1827.38,1827.38,1827.68
01/02/2014,19:00,1827.50,1828.00,1827.25,1828.00,144,114,1828.00,1827.25,1827.53,1827.76
01/02/2014,19:05,1827.75,1828.25,1827.75,1827.75,221,126,1828.25,1827.64,1827.64,1827.83
01/02/2014,19:10,1827.50,1827.75,1827.25,1827.25,8,95,1827.75,1827.25,1827.73,1827.45
01/02/2014,19:15,1827.50,1827.50,1827.25,1827.25,25,7,1827.59,1827.25,1827.59,1827.37
01/02/2014,19:20,1827.25,1827.25,1827.25,1827.25,0,70,1827.48,1827.25,1827.48,1827.30
01/02/2014,19:25,1827.25,1827.50,1827.25,1827.50,56,17,1827.50,1827.25,1827.39,1827.43
01/02/2014,19:30,1827.50,1827.75,1827.50,1827.75,102,0,1827.75,1827.41,1827.41,1827.63
01/02/2014,19:35,1828.00,1828.00,1827.75,1827.75,92,110,1828.00,1827.52,1827.52,1827.75
01/02/2014,19:40,1827.50,1827.75,1827.50,1827.75,80,36,1827.75,1827.50,1827.64,1827.68
01/02/2014,19:45,1827.75,1827.75,1827.50,1827.75,18,56,1827.75,1827.50,1827.66,1827.68
01/02/2014,19:50,1827.75,1828.25,1827.75,1828.00,262,45,1828.25,1827.67,1827.67,1827.93
01/02/2014,19:55,1828.25,1828.25,1827.50,1827.75,6,267,1828.25,1827.50,1827.80,1827.81
01/02/2014,20:00,1827.50,1828.00,1827.50,1828.00,163,3,1828.00,1827.50,1827.81,1827.86
01/02/2014,20:05,1828.00,1828.25,1828.00,1828.25,178,60,1828.25,1827.83,1827.83,1828.12
01/02/2014,20:10,1828.25,1828.75,1828.25,1828.25,298,147,1828.75,1827.98,1827.98,1828.30
01/02/2014,20:15,1828.50,1828.75,1828.50,1828.50,308,15,1828.75,1828.14,1828.14,1828.48
01/02/2014,20:20,1828.50,1828.50,1828.00,1828.25,144,205,1828.50,1828.00,1828.31,1828.26
01/02/2014,20:25,1828.50,1829.00,1828.25,1829.00,317,28,1829.00,1828.25,1828.28,1828.71
01/02/2014,20:30,1829.00,1829.00,1828.50,1828.75,159,148,1829.00,1828.50,1828.50,1828.70
01/02/2014,20:35,1828.75,1829.50,1828.75,1829.25,659,283,1829.50,1828.60,1828.60,1829.07
01/02/2014,20:40,1829.50,1829.50,1828.75,1828.75,300,212,1829.50,1828.75,1828.83,1828.92
01/02/2014,20:45,1829.00,1829.00,1828.75,1829.00,123,24,1829.00,1828.75,1828.87,1828.92
01/02/2014,20:50,1828.75,1829.00,1828.50,1828.50,6,279,1829.00,1828.50,1828.90,1828.68
01/02/2014,20:55,1828.25,1828.50,1827.75,1828.00,82,713,1828.79,1827.75,1828.79,1828.21
01/02/2014,21:00,1828.00,1828.00,1827.50,1827.75,102,206,1828.50,1827.50,1828.50,1827.90
01/03/2014,09:05,1830.00,1830.25,1829.75,1830.00,368,471,1830.25,1828.20,1828.20,1829.64
01/03/2014,09:10,1830.00,1830.00,1829.25,1829.50,302,672,1830.00,1828.92,1828.92,1829.43
01/03/2014,09:15,1829.50,1829.75,1829.25,1829.75,1052,877,1829.75,1829.18,1829.18,1829.54
01/03/2014,09:20,1829.75,1829.75,1828.25,1829.00,1197,2777,1829.75,1828.25,1829.36,1829.07
01/03/2014,09:25,1828.75,1829.00,1828.75,1828.75,402,475,1829.21,1828.75,1829.21,1828.89
01/03/2014,09:30,1828.75,1829.50,1828.75,1829.00,1838,1164,1829.50,1828.75,1829.05,1829.06
01/03/2014,09:35,1828.75,1829.50,1828.00,1829.25,12835,13154,1829.50,1828.00,1829.06,1829.01
01/03/2014,09:40,1829.25,1832.25,1829.00,1831.75,21504,13082,1832.25,1829.00,1829.03,1830.76
01/03/2014,09:45,1831.75,1832.00,1830.25,1830.50,10021,14190,1832.00,1829.90,1829.90,1830.63
01/03/2014,09:50,1830.50,1831.75,1830.00,1831.25,11540,10655,1831.75,1830.00,1830.26,1830.90
01/03/2014,09:55,1831.50,1832.00,1830.25,1830.50,6948,7506,1832.00,1830.25,1830.58,1830.77
01/03/2014,10:00,1830.50,1831.75,1830.50,1831.25,5874,5478,1831.75,1830.50,1830.67,1831.08
01/03/2014,10:05,1831.50,1833.00,1831.25,1832.25,11255,8066,1833.00,1830.88,1830.88,1831.93
01/03/2014,10:10,1832.25,1832.75,1830.25,1830.50,6440,9995,1832.75,1830.25,1831.40,1831.08
01/03/2014,10:15,1830.75,1831.50,1830.25,1830.75,6760,5691,1831.50,1830.25,1831.24,1830.90
01/03/2014,10:20,1830.75,1831.50,1830.25,1830.25,4688,6259,1831.50,1830.25,1831.07,1830.66
01/03/2014,10:25,1830.25,1831.25,1830.00,1830.50,4376,4584,1831.25,1830.00,1830.87,1830.62
01/03/2014,10:30,1830.50,1831.00,1830.00,1830.75,3019,2243,1831.00,1830.00,1830.75,1830.65
01/03/2014,10:35,1830.75,1831.50,1830.50,1831.50,3563,3340,1831.50,1830.50,1830.70,1831.14
01/03/2014,10:40,1831.25,1831.50,1830.50,1830.75,3393,1512,1831.50,1830.50,1830.92,1830.88
01/03/2014,10:45,1830.50,1832.25,1830.50,1831.75,7199,5397,1832.25,1830.50,1830.90,1831.43
01/03/2014,10:50,1831.75,1832.00,1829.50,1829.75,3272,8519,1832.00,1829.50,1831.17,1830.43
01/03/2014,10:55,1829.75,1830.50,1829.25,1830.00,3958,5145,1830.80,1829.25,1830.80,1830.11
01/03/2014,11:00,1830.00,1830.50,1829.50,1830.25,3447,3736,1830.50,1829.50,1830.45,1830.19
01/03/2014,11:05,1830.50,1831.00,1830.25,1831.00,2444,2913,1831.00,1830.25,1830.32,1830.71
01/03/2014,11:10,1831.00,1831.50,1830.00,1831.50,3611,4608,1831.50,1830.00,1830.52,1831.00
01/03/2014,11:15,1831.50,1831.50,1829.75,1829.75,1381,4880,1831.50,1829.75,1830.76,1830.30
01/03/2014,11:20,1829.75,1830.00,1827.50,1828.00,6379,10651,1830.53,1827.50,1830.53,1828.81
01/03/2014,11:25,1828.00,1828.75,1827.75,1828.00,3527,2740,1829.67,1827.75,1829.67,1828.43
01/03/2014,11:30,1828.25,1828.25,1825.75,1826.00,11330,14346,1829.05,1825.75,1829.05,1827.01
01/03/2014,11:35,1826.00,1826.75,1825.75,1826.00,5249,7242,1828.03,1825.75,1828.03,1826.51
01/03/2014,11:40,1825.75,1826.50,1825.50,1826.25,8618,5008,1827.27,1825.50,1827.27,1826.35
01/03/2014,11:45,1826.25,1826.25,1825.75,1825.75,2625,4419,1826.81,1825.75,1826.81,1826.06
01/03/2014,11:50,1825.75,1826.00,1824.50,1825.00,5627,9913,1826.44,1824.50,1826.44,1825.39
01/03/2014,11:55,1825.00,1825.50,1824.75,1825.25,3435,3573,1825.91,1824.75,1825.91,1825.33
01/03/2014,12:00,1825.25,1825.50,1823.50,1824.25,6551,8994,1825.62,1823.50,1825.62,1824.62
01/03/2014,12:05,1824.50,1824.50,1823.50,1824.00,3568,3443,1825.12,1823.50,1825.12,1824.22
01/03/2014,12:10,1824.00,1824.50,1823.00,1824.50,8510,6748,1824.67,1823.00,1824.67,1824.23
01/03/2014,12:15,1824.25,1825.00,1824.25,1824.50,3545,3097,1825.00,1824.25,1824.45,1824.54
01/03/2014,12:20,1824.50,1825.00,1824.25,1824.50,2349,1173,1825.00,1824.25,1824.50,1824.55
01/03/2014,12:25,1824.50,1825.25,1824.50,1825.00,3220,68,1825.25,1824.50,1824.52,1824.85
01/03/2014,12:30,1825.25,1825.75,1825.00,1825.50,4272,1909,1825.75,1824.69,1824.69,1825.29
01/03/2014,12:35,1825.75,1826.00,1825.25,1825.50,4521,2475,1826.00,1824.99,1824.99,1825.45
01/03/2014,12:40,1825.50,1826.50,1825.50,1826.25,5624,2927,1826.50,1825.22,1825.22,1825.94
01/03/2014,12:45,1826.25,1826.75,1826.25,1826.25,2312,2158,1826.75,1825.58,1825.58,1826.22
01/03/2014,12:50,1826.25,1826.75,1826.25,1826.50,1950,2091,1826.75,1825.90,1825.90,1826.38
01/03/2014,12:55,1826.50,1826.75,1826.25,1826.50,1613,616,1826.75,1826.14,1826.14,1826.43
01/03/2014,13:00,1826.25,1826.50,1825.25,1825.50,592,3767,1826.50,1825.25,1826.28,1825.81
01/03/2014,13:05,1825.50,1825.75,1825.25,1825.25,2399,986,1826.05,1825.25,1826.05,1825.51
01/03/2014,13:10,1825.25,1826.00,1825.25,1826.00,726,1444,1826.00,1825.25,1825.78,1825.81
01/03/2014,13:15,1826.00,1826.00,1825.50,1825.50,235,1418,1826.00,1825.50,1825.79,1825.66
01/03/2014,13:20,1825.75,1825.75,1824.75,1825.50,1830,4069,1825.75,1824.75,1825.72,1825.44
01/03/2014,13:25,1825.50,1826.00,1825.00,1826.00,1976,1779,1826.00,1825.00,1825.58,1825.72
01/03/2014,13:30,1826.00,1826.50,1825.50,1825.75,2468,1915,1826.50,1825.50,1825.65,1825.83
01/03/2014,13:35,1825.50,1825.75,1824.00,1824.25,3160,6251,1825.75,1824.00,1825.74,1824.80
01/03/2014,13:40,1824.25,1825.00,1824.25,1825.00,1074,884,1825.27,1824.25,1825.27,1824.90
01/03/2014,13:45,1824.75,1825.00,1823.50,1824.50,2506,3740,1825.09,1823.50,1825.09,1824.52
01/03/2014,13:50,1824.50,1825.00,1824.25,1825.00,1793,221,1825.00,1824.25,1824.80,1824.81
01/03/2014,13:55,1825.00,1825.50,1824.75,1825.50,2134,1146,1825.50,1824.75,1824.81,1825.21
01/03/2014,14:00,1825.50,1825.50,1825.00,1825.00,1302,1425,1825.50,1825.00,1825.01,1825.10
01/03/2014,14:05,1825.00,1826.50,1825.00,1826.25,4968,2263,1826.50,1825.00,1825.06,1825.81
01/03/2014,14:10,1826.25,1826.25,1825.00,1825.25,575,2848,1826.25,1825.00,1825.43,1825.44
01/03/2014,14:15,1825.00,1826.00,1824.75,1826.00,3157,1000,1826.00,1824.75,1825.43,1825.64
01/03/2014,14:20,1826.00,1826.25,1825.50,1825.75,1203,2113,1826.25,1825.50,1825.54,1825.76
01/03/2014,14:25,1825.75,1826.00,1825.50,1826.00,1394,1188,1826.00,1825.50,1825.65,1825.83
01/03/2014,14:30,1826.00,1826.00,1825.50,1825.75,1414,1231,1826.00,1825.50,1825.74,1825.75
01/03/2014,14:35,1826.00,1826.75,1825.25,1825.50,4323,4164,1826.75,1825.25,1825.74,1825.75
01/03/2014,14:40,1825.50,1826.50,1825.50,1826.50,3231,1046,1826.50,1825.50,1825.75,1826.15
01/03/2014,14:45,1826.50,1827.50,1826.25,1827.25,5335,5079,1827.50,1825.95,1825.95,1826.84
01/03/2014,14:50,1827.50,1829.25,1827.25,1829.25,11769,3067,1829.25,1826.39,1826.39,1828.28
01/03/2014,14:55,1829.25,1830.00,1829.00,1830.00,7618,5304,1830.00,1827.34,1827.34,1829.27
01/03/2014,15:00,1830.00,1830.00,1828.50,1829.00,2818,7456,1830.00,1828.30,1828.30,1828.96
01/03/2014,15:05,1829.00,1829.25,1828.50,1828.75,1016,2472,1829.25,1828.50,1828.63,1828.78
01/03/2014,15:10,1828.75,1829.25,1828.25,1829.00,2861,2086,1829.25,1828.25,1828.70,1828.84
01/03/2014,15:15,1828.75,1832.00,1828.75,1831.00,16572,7996,1832.00,1828.75,1828.77,1830.30
01/03/2014,15:20,1831.25,1831.25,1830.50,1831.00,1330,3289,1831.25,1829.54,1829.54,1830.66
01/03/2014,15:25,1831.00,1831.25,1830.50,1830.75,1267,2616,1831.25,1830.10,1830.10,1830.67
01/03/2014,15:30,1830.75,1831.00,1829.75,1830.50,1935,4294,1831.00,1829.75,1830.38,1830.43
01/03/2014,15:35,1830.50,1831.25,1830.00,1830.50,3585,3655,1831.25,1830.00,1830.41,1830.53
01/03/2014,15:40,1830.50,1831.25,1830.25,1830.25,1360,2750,1831.25,1830.25,1830.47,1830.49
01/03/2014,15:45,1830.25,1830.25,1828.00,1829.00,8198,11312,1830.48,1828.00,1830.48,1829.35
01/03/2014,15:50,1829.00,1829.00,1828.00,1828.25,6315,4542,1829.91,1828.00,1829.91,1828.68
01/03/2014,15:55,1828.25,1828.50,1826.25,1826.75,8399,14465,1829.30,1826.25,1829.30,1827.51
01/03/2014,16:00,1826.50,1826.75,1824.50,1824.75,12286,30165,1828.40,1824.50,1828.40,1825.83
01/03/2014,16:05,1824.50,1826.25,1824.50,1825.50,22156,14930,1827.12,1824.50,1827.12,1825.77
01/03/2014,16:10,1825.25,1825.75,1824.75,1825.50,4984,4448,1826.45,1824.75,1826.45,1825.59
01/03/2014,16:15,1825.50,1825.75,1825.00,1825.25,6475,4284,1826.02,1825.00,1826.02,1825.45
01/03/2014,16:35,1825.25,1825.25,1824.00,1824.25,284,2464,1825.74,1824.00,1825.74,1824.70
01/03/2014,16:40,1824.50,1824.50,1824.25,1824.50,404,208,1825.22,1824.25,1825.22,1824.59
01/03/2014,16:45,1824.25,1824.50,1824.25,1824.50,600,27,1824.90,1824.25,1824.90,1824.53
01/03/2014,16:50,1824.25,1824.50,1824.00,1824.00,106,156,1824.72,1824.00,1824.72,1824.24
01/03/2014,16:55,1824.25,1824.25,1823.50,1824.00,313,441,1824.48,1823.50,1824.48,1824.05
01/03/2014,17:00,1824.00,1824.00,1823.50,1823.50,159,245,1824.26,1823.50,1824.26,1823.75
01/03/2014,17:05,1823.50,1824.00,1823.00,1823.50,619,822,1824.01,1823.00,1824.01,1823.60
01/03/2014,17:10,1823.75,1824.25,1823.75,1824.00,400,7,1824.25,1823.75,1823.80,1823.96
01/03/2014,17:15,1824.00,1824.25,1823.25,1823.25,289,996,1824.25,1823.25,1823.88,1823.58
01/04/2014,09:05,1829.50,1830.50,1829.50,1830.00,2696,951,1830.50,1823.73,1823.73,1828.75
01/04/2014,09:10,1830.25,1830.75,1830.00,1830.75,2278,1219,1830.75,1826.24,1826.24,1829.70
01/04/2014,09:15,1830.75,1831.75,1830.50,1831.00,4408,2861,1831.75,1827.97,1827.97,1830.44
01/04/2014,09:20,1831.25,1831.50,1830.75,1831.25,1527,1858,1831.50,1829.21,1829.21,1830.79
01/04/2014,09:25,1831.25,1831.75,1831.00,1831.00,3563,1680,1831.75,1830.00,1830.00,1830.95
01/04/2014,09:30,1831.00,1831.75,1831.00,1831.50,2655,1502,1831.75,1830.47,1830.47,1831.24
01/04/2014,09:35,1831.25,1832.50,1830.25,1830.25,12734,16269,1832.50,1830.25,1830.86,1830.82
01/04/2014,09:40,1830.50,1830.75,1828.00,1828.50,10594,15091,1830.84,1828.00,1830.84,1829.32
01/04/2014,09:45,1828.25,1828.50,1824.75,1825.75,17692,26468,1830.08,1824.75,1830.08,1826.97
01/04/2014,09:50,1825.75,1826.25,1824.50,1825.75,12786,13546,1828.52,1824.50,1828.52,1826.15
01/04/2014,09:55,1825.50,1826.50,1823.75,1825.75,15118,15104,1827.34,1823.75,1827.34,1825.82
01/04/2014,10:00,1826.00,1826.50,1825.25,1826.50,4717,2842,1826.58,1825.25,1826.58,1826.27
01/04/2014,10:05,1826.25,1826.75,1823.50,1825.00,13984,16804,1826.75,1823.50,1826.42,1825.33
01/04/2014,10:10,1825.00,1825.75,1824.00,1825.25,10205,9956,1825.88,1824.00,1825.88,1825.23
01/04/2014,10:15,1825.00,1826.00,1824.50,1825.00,8084,7489,1826.00,1824.50,1825.55,1825.21
01/04/2014,10:20,1825.25,1827.00,1824.50,1826.75,10026,7075,1827.00,1824.50,1825.38,1826.08
01/04/2014,10:25,1827.00,1827.75,1826.50,1827.00,7945,5901,1827.75,1825.73,1825.73,1826.80
01/04/2014,10:30,1827.25,1827.50,1825.75,1826.75,10786,7130,1827.50,1825.75,1826.26,1826.60
01/04/2014,10:35,1827.00,1827.50,1826.50,1826.75,9044,5621,1827.50,1826.43,1826.43,1826.79
01/04/2014,10:40,1827.00,1827.75,1826.25,1826.50,6608,4273,1827.75,1826.25,1826.61,1826.72
01/04/2014,10:45,1826.25,1826.50,1825.25,1825.25,6417,8264,1826.67,1825.25,1826.67,1825.78
01/04/2014,10:50,1825.25,1825.50,1824.00,1824.25,6542,8378,1826.22,1824.00,1826.22,1824.84
01/04/2014,10:55,1824.25,1825.75,1824.00,1825.50,5766,4854,1825.75,1824.00,1825.53,1825.26
01/04/2014,11:00,1825.25,1825.50,1822.00,1822.50,13345,21968,1825.50,1822.00,1825.40,1823.58
01/04/2014,11:05,1822.50,1823.50,1821.75,1823.00,7323,5626,1824.49,1821.75,1824.49,1823.15
01/04/2014,11:10,1822.75,1823.25,1822.25,1822.50,4761,3568,1823.82,1822.25,1823.82,1822.86
01/04/2014,11:15,1822.50,1822.75,1820.25,1821.00,12426,15611,1823.34,1820.25,1823.34,1821.67
01/04/2014,11:20,1821.00,1821.25,1817.50,1818.75,22681,25630,1822.50,1817.50,1822.50,1819.75
01/04/2014,11:25,1818.75,1819.25,1818.25,1818.75,13006,8190,1821.13,1818.25,1821.13,1819.23
01/04/2014,11:30,1818.75,1819.75,1817.25,1819.25,15307,10540,1820.18,1817.25,1820.18,1819.14
01/04/2014,11:35,1819.50,1820.00,1819.25,1819.50,7445,5370,1820.00,1819.25,1819.66,1819.58
01/04/2014,11:40,1819.25,1819.75,1818.00,1819.25,5193,6647,1819.75,1818.00,1819.62,1819.17
01/04/2014,11:45,1819.25,1819.75,1818.75,1818.75,3174,4340,1819.75,1818.75,1819.40,1819.08
01/04/2014,11:50,1818.75,1819.50,1818.00,1819.00,6581,4817,1819.50,1818.00,1819.24,1818.95
01/04/2014,11:55,1819.00,1820.25,1818.75,1820.00,4701,3303,1820.25,1818.75,1819.09,1819.62
01/04/2014,12:00,1820.00,1820.50,1819.75,1820.50,7601,6398,1820.50,1819.36,1819.36,1820.12
01/04/2014,12:05,1820.50,1820.50,1819.00,1819.75,4010,9718,1820.50,1819.00,1819.74,1819.75
01/04/2014,12:10,1820.00,1821.00,1819.75,1820.25,6195,8114,1821.00,1819.74,1819.74,1820.20
01/04/2014,12:15,1820.25,1820.50,1819.25,1820.00,8095,4308,1820.50,1819.25,1819.97,1819.94
01/04/2014,12:20,1820.25,1820.50,1819.75,1820.25,2183,3969,1820.50,1819.75,1819.96,1820.14
01/04/2014,12:25,1820.25,1821.25,1820.00,1820.50,5688,2863,1821.25,1820.00,1820.05,1820.46
01/04/2014,12:30,1820.50,1821.00,1819.50,1819.50,2165,4838,1821.00,1819.50,1820.25,1819.95
01/04/2014,12:35,1819.75,1819.75,1818.00,1819.25,7376,11670,1820.10,1818.00,1820.10,1819.27
01/04/2014,12:40,1819.25,1819.25,1818.25,1819.00,5904,7580,1819.69,1818.25,1819.69,1819.04
01/04/2014,12:45,1818.75,1819.25,1818.25,1818.75,1586,3018,1819.36,1818.25,1819.36,1818.87
01/04/2014,12:50,1818.75,1819.25,1818.25,1818.75,3155,5224,1819.25,1818.25,1819.12,1818.82
01/04/2014,12:55,1818.75,1821.00,1818.75,1820.75,7876,2277,1821.00,1818.75,1818.97,1820.04
01/04/2014,13:00,1820.75,1820.75,1819.75,1820.00,4097,3493,1820.75,1819.51,1819.51,1820.00
01/04/2014,13:05,1820.25,1820.50,1819.50,1819.50,4574,9716,1820.50,1819.50,1819.75,1819.75
01/04/2014,13:10,1819.50,1820.00,1818.75,1818.75,2889,3396,1820.00,1818.75,1819.75,1819.20
01/04/2014,13:15,1819.00,1819.50,1818.50,1819.25,4177,4944,1819.50,1818.50,1819.48,1819.20
01/04/2014,13:20,1819.50,1820.75,1819.25,1820.50,4172,2987,1820.75,1819.25,1819.34,1820.07
01/04/2014,13:25,1820.50,1821.00,1820.00,1820.25,4500,4207,1821.00,1819.70,1819.70,1820.24
01/04/2014,13:30,1820.00,1820.75,1819.75,1819.75,3826,4378,1820.75,1819.75,1819.97,1819.99
01/04/2014,13:35,1819.75,1820.50,1819.00,1819.00,4201,3493,1820.50,1819.00,1819.98,1819.50
01/04/2014,13:40,1819.25,1820.75,1819.00,1820.75,2955,1266,1820.75,1819.00,1819.74,1820.20
01/04/2014,13:45,1820.75,1821.25,1820.25,1820.25,4445,2345,1821.25,1819.97,1819.97,1820.39
01/04/2014,13:50,1820.25,1820.50,1819.75,1820.25,1072,1825,1820.50,1819.75,1820.18,1820.19
01/04/2014,13:55,1820.25,1824.00,1820.25,1823.00,19558,10478,1824.00,1820.18,1820.18,1822.09
01/04/2014,14:00,1823.00,1824.75,1822.75,1823.25,5670,3947,1824.75,1821.14,1821.14,1823.03
01/04/2014,14:05,1823.50,1824.25,1823.00,1823.25,2812,4068,1824.25,1822.08,1822.08,1823.17
01/04/2014,14:10,1823.50,1823.50,1822.00,1822.25,1606,5396,1823.50,1822.00,1822.62,1822.52
01/04/2014,14:15,1822.25,1824.25,1822.00,1823.75,11371,5910,1824.25,1822.00,1822.57,1823.26
01/04/2014,14:20,1823.75,1823.75,1822.25,1822.25,3081,6609,1823.75,1822.25,1822.92,1822.68
01/04/2014,14:25,1822.50,1824.50,1822.25,1823.50,10522,6633,1824.50,1822.25,1822.80,1823.31
01/04/2014,14:30,1823.75,1824.00,1822.25,1823.25,3026,5111,1824.00,1822.25,1823.06,1823.16
01/04/2014,14:35,1823.00,1823.75,1823.00,1823.50,4913,5208,1823.75,1823.00,1823.11,1823.37
01/04/2014,14:40,1823.25,1825.00,1823.25,1824.50,6851,2671,1825.00,1823.24,1823.24,1824.10
01/04/2014,14:45,1824.50,1826.00,1824.25,1825.00,9335,4545,1826.00,1823.67,1823.67,1824.78
01/04/2014,14:50,1825.00,1825.75,1824.25,1825.25,6922,5731,1825.75,1824.23,1824.23,1824.95
01/04/2014,14:55,1825.25,1825.75,1824.50,1824.75,4450,3577,1825.75,1824.50,1824.59,1824.87
01/04/2014,15:00,1825.00,1825.75,1824.75,1825.25,4296,4338,1825.75,1824.73,1824.73,1825.15
01/04/2014,15:05,1825.00,1825.25,1823.50,1823.50,7354,9053,1825.25,1823.50,1824.94,1824.14
01/04/2014,15:10,1823.50,1824.50,1823.00,1823.75,3438,5668,1824.54,1823.00,1824.54,1823.91
01/04/2014,15:15,1823.75,1824.75,1823.50,1824.50,7854,4970,1824.75,1823.50,1824.22,1824.29
01/04/2014,15:20,1824.50,1825.50,1824.00,1824.75,4930,3243,1825.50,1824.00,1824.26,1824.65
01/04/2014,15:25,1825.00,1825.00,1824.00,1824.75,2124,1971,1825.00,1824.00,1824.45,1824.59
01/04/2014,15:30,1824.75,1825.00,1824.00,1824.75,2994,4693,1825.00,1824.00,1824.52,1824.60
01/04/2014,15:35,1824.75,1825.00,1821.50,1821.50,2684,7860,1825.00,1821.50,1824.56,1822.81
01/04/2014,15:40,1821.75,1822.75,1821.50,1822.50,8936,3791,1823.69,1821.50,1823.69,1822.59
01/04/2014,15:45,1822.50,1823.00,1821.75,1822.50,6607,4309,1823.14,1821.75,1823.14,1822.58
01/04/2014,15:50,1822.75,1823.75,1822.75,1823.00,6530,3162,1823.75,1822.75,1822.86,1823.07
01/04/2014,15:55,1823.00,1823.50,1822.75,1823.25,4241,4909,1823.50,1822.75,1822.96,1823.14
01/04/2014,16:00,1823.25,1823.50,1820.00,1820.75,24140,33017,1823.50,1820.00,1823.05,1821.61
01/04/2014,16:05,1820.75,1821.25,1820.00,1820.25,17520,21085,1822.33,1820.00,1822.33,1820.82
01/04/2014,16:10,1820.50,1820.75,1820.00,1820.75,5888,5462,1821.57,1820.00,1821.57,1820.76
01/04/2014,16:15,1820.75,1821.25,1820.25,1820.50,10355,11824,1821.25,1820.25,1821.17,1820.73
01/04/2014,16:35,1820.50,1820.50,1820.00,1820.00,383,1490,1820.95,1820.00,1820.95,1820.29
01/04/2014,16:40,1820.25,1820.25,1820.00,1820.25,1668,241,1820.62,1820.00,1820.62,1820.27
01/04/2014,16:45,1820.25,1820.25,1819.25,1820.25,1114,1907,1820.45,1819.25,1820.45,1820.09
01/04/2014,16:50,1820.25,1820.25,1819.75,1819.75,60,382,1820.27,1819.75,1820.27,1819.95
01/04/2014,16:55,1819.75,1820.00,1819.50,1819.50,40,512,1820.11,1819.50,1820.11,1819.72
01/04/2014,17:00,1819.75,1819.75,1819.50,1819.75,231,590,1819.92,1819.50,1819.92,1819.73
01/04/2014,17:05,1819.75,1819.75,1819.50,1819.75,14,255,1819.83,1819.50,1819.83,1819.72
01/04/2014,17:10,1819.75,1820.00,1819.50,1819.75,278,23,1820.00,1819.50,1819.77,1819.75
01/04/2014,17:15,1819.75,1820.25,1819.75,1820.00,302,1083,1820.25,1819.75,1819.76,1819.95
01/04/2014,18:05,1819.75,1821.00,1819.50,1820.75,1593,791,1821.00,1819.50,1819.86,1820.37
01/04/2014,18:10,1820.75,1821.00,1820.25,1820.50,226,259,1821.00,1820.11,1820.11,1820.47
01/04/2014,18:15,1820.50,1820.75,1820.25,1820.50,257,123,1820.75,1820.25,1820.29,1820.46
01/04/2014,18:20,1820.50,1820.75,1820.50,1820.75,124,70,1820.75,1820.38,1820.38,1820.63
01/04/2014,18:25,1820.75,1821.00,1820.50,1820.75,347,270,1821.00,1820.50,1820.50,1820.70
01/04/2014,18:30,1820.75,1821.00,1820.75,1820.75,201,246,1821.00,1820.60,1820.60,1820.77
01/04/2014,18:35,1821.00,1821.00,1820.75,1821.00,23,49,1821.00,1820.69,1820.69,1820.89
01/04/2014,18:40,1821.00,1821.00,1820.50,1820.75,448,329,1821.00,1820.50,1820.79,1820.76
01/04/2014,18:45,1820.75,1820.75,1820.50,1820.50,72,24,1820.77,1820.50,1820.77,1820.60
01/04/2014,18:50,1820.75,1821.00,1820.50,1821.00,124,56,1821.00,1820.50,1820.69,1820.84
01/04/2014,18:55,1821.00,1821.00,1820.50,1820.75,15,227,1821.00,1820.50,1820.76,1820.75
01/04/2014,19:00,1820.50,1820.75,1820.50,1820.50,53,107,1820.76,1820.50,1820.76,1820.60
01/04/2014,19:05,1820.75,1821.00,1820.75,1821.00,249,45,1821.00,1820.68,1820.68,1820.89
01/04/2014,19:10,1821.00,1821.00,1820.50,1820.75,282,640,1821.00,1820.50,1820.78,1820.76
01/04/2014,19:15,1820.75,1821.00,1820.75,1821.00,163,144,1821.00,1820.75,1820.77,1820.90
01/04/2014,19:20,1821.00,1821.00,1820.75,1821.00,136,2,1821.00,1820.75,1820.84,1820.92
01/04/2014,19:25,1821.00,1821.00,1820.75,1820.75,15,175,1821.00,1820.75,1820.88,1820.83
01/04/2014,19:30,1820.75,1820.75,1820.25,1820.50,92,274,1820.85,1820.25,1820.85,1820.57
01/04/2014,19:35,1820.25,1820.50,1820.00,1820.50,632,413,1820.71,1820.00,1820.71,1820.44
01/04/2014,19:40,1820.25,1820.75,1820.25,1820.75,154,9,1820.75,1820.25,1820.58,1820.62
01/04/2014,19:45,1820.50,1820.75,1820.50,1820.75,548,5,1820.75,1820.50,1820.60,1820.67
01/04/2014,19:50,1820.75,1821.00,1820.50,1820.50,254,281,1821.00,1820.50,1820.63,1820.63
01/04/2014,19:55,1820.50,1820.75,1820.25,1820.50,59,198,1820.75,1820.25,1820.63,1820.53
01/04/2014,20:00,1820.50,1820.75,1820.50,1820.75,5,38,1820.75,1820.50,1820.58,1820.67
01/04/2014,20:05,1820.50,1820.75,1820.50,1820.75,525,23,1820.75,1820.50,1820.62,1820.67
01/04/2014,20:10,1820.75,1820.75,1820.25,1820.50,146,118,1820.75,1820.25,1820.65,1820.53
01/04/2014,20:15,1820.50,1820.75,1820.25,1820.75,143,7,1820.75,1820.25,1820.59,1820.62
01/04/2014,20:20,1820.50,1821.00,1820.50,1820.50,182,298,1821.00,1820.50,1820.60,1820.62
01/04/2014,20:25,1820.75,1821.00,1820.50,1820.75,254,92,1821.00,1820.50,1820.61,1820.72
01/04/2014,20:30,1820.75,1821.25,1820.75,1821.00,331,139,1821.25,1820.67,1820.67,1820.93
01/04/2014,20:35,1821.00,1822.00,1821.00,1821.25,1390,532,1822.00,1820.80,1820.80,1821.26
01/04/2014,20:40,1821.50,1821.75,1821.25,1821.75,322,82,1821.75,1821.03,1821.03,1821.51
01/04/2014,20:45,1821.75,1822.00,1821.75,1821.75,168,255,1822.00,1821.27,1821.27,1821.70
01/04/2014,20:50,1822.00,1822.25,1821.75,1822.00,554,378,1822.25,1821.49,1821.49,1821.90
01/04/2014,20:55,1821.75,1822.00,1821.75,1821.75,23,264,1822.00,1821.69,1821.69,1821.79
01/04/2014,21:00,1821.75,1822.00,1821.75,1821.75,21,85,1822.00,1821.74,1821.74,1821.80
01/05/2014,09:05,1828.00,1828.25,1827.50,1827.50,2028,1510,1828.25,1821.77,1821.77,1826.50
01/05/2014,09:10,1827.75,1827.75,1826.75,1827.25,1487,1349,1827.75,1824.14,1824.14,1826.63
01/05/2014,09:15,1827.25,1827.50,1827.00,1827.00,379,1447,1827.50,1825.38,1825.38,1826.78
01/05/2014,09:20,1827.00,1827.50,1826.75,1827.25,810,497,1827.50,1826.08,1826.08,1826.97
01/05/2014,09:25,1827.25,1827.75,1827.00,1827.75,2183,387,1827.75,1826.52,1826.52,1827.35
01/05/2014,09:30,1827.75,1828.25,1827.25,1827.50,2436,1770,1828.25,1826.94,1826.94,1827.49
01/05/2014,09:35,1827.75,1828.75,1826.25,1827.75,18545,29735,1828.75,1826.25,1827.21,1827.54
01/05/2014,09:40,1827.50,1829.50,1827.50,1829.00,16460,15396,1829.50,1827.38,1827.38,1828.48
01/05/2014,09:45,1829.25,1830.00,1828.50,1829.25,15335,11220,1830.00,1827.93,1827.93,1828.99
01/05/2014,09:50,1829.00,1830.50,1829.00,1829.50,16435,10669,1830.50,1828.46,1828.46,1829.39
01/05/2014,09:55,1829.75,1831.00,1829.50,1830.25,11169,11957,1831.00,1828.92,1828.92,1829.98
01/05/2014,10:00,1830.50,1832.00,1830.25,1831.75,17383,11689,1832.00,1829.45,1829.45,1831.04
01/05/2014,10:05,1832.00,1832.75,1831.25,1832.00,12658,12957,1832.75,1830.25,1830.25,1831.65
01/05/2014,10:10,1831.75,1832.25,1831.25,1831.75,4585,7996,1832.25,1830.95,1830.95,1831.59
01/05/2014,10:15,1832.00,1832.75,1831.50,1832.00,7020,6357,1832.75,1831.27,1831.27,1831.90
01/05/2014,10:20,1832.00,1832.25,1831.25,1831.75,5186,6237,1832.25,1831.25,1831.59,1831.72
01/05/2014,10:25,1831.75,1833.00,1831.75,1833.00,11011,4908,1833.00,1831.65,1831.65,1832.48
01/05/2014,10:30,1833.00,1833.25,1831.50,1832.25,9620,8042,1833.25,1831.50,1832.07,1832.26
01/05/2014,10:35,1832.25,1833.00,1832.00,1832.25,4718,5365,1833.00,1832.00,1832.16,1832.33
01/05/2014,10:40,1832.25,1833.25,1832.00,1833.00,9694,4653,1833.25,1832.00,1832.25,1832.70
01/05/2014,10:45,1832.75,1834.75,1832.75,1834.50,20149,9040,1834.75,1832.47,1832.47,1833.79
01/05/2014,10:50,1834.50,1834.50,1833.00,1833.25,8322,7483,1834.50,1833.00,1833.13,1833.43
01/05/2014,10:55,1833.50,1833.75,1833.00,1833.50,2798,4993,1833.75,1833.00,1833.28,1833.41
01/05/2014,11:00,1833.25,1833.50,1832.50,1833.25,2763,5051,1833.50,1832.50,1833.34,1833.17
01/05/2014,11:05,1833.25,1833.50,1832.50,1832.75,3914,3525,1833.50,1832.50,1833.26,1832.95
01/05/2014,11:10,1832.75,1832.75,1832.00,1832.25,5074,5197,1833.10,1832.00,1833.10,1832.47
01/05/2014,11:15,1832.25,1832.75,1832.25,1832.50,1476,2142,1832.79,1832.25,1832.79,1832.56
01/05/2014,11:20,1832.50,1833.00,1832.25,1833.00,2347,1670,1833.00,1832.25,1832.67,1832.78
01/05/2014,11:25,1833.00,1833.25,1832.00,1832.00,926,4321,1833.25,1832.00,1832.73,1832.40
01/05/2014,11:30,1832.00,1832.25,1831.25,1831.75,2877,8234,1832.56,1831.25,1832.56,1831.91
01/05/2014,11:35,1831.50,1832.25,1831.25,1832.25,4284,3673,1832.25,1831.25,1832.24,1832.05
01/05/2014,11:40,1832.00,1832.50,1831.75,1831.75,1840,2311,1832.50,1831.75,1832.14,1831.98
01/05/2014,11:45,1831.75,1832.25,1831.50,1831.50,3730,3688,1832.25,1831.50,1832.06,1831.76
01/05/2014,11:50,1831.75,1831.75,1830.75,1831.50,4470,6341,1831.91,1830.75,1831.91,1831.48
01/05/2014,11:55,1831.50,1831.50,1830.75,1831.25,3085,3066,1831.70,1830.75,1831.70,1831.29
01/05/2014,12:00,1831.25,1831.50,1830.25,1831.00,3852,4231,1831.50,1830.25,1831.49,1831.05
01/05/2014,12:05,1830.75,1831.50,1830.50,1831.25,4252,2702,1831.50,1830.50,1831.27,1831.15
01/05/2014,12:10,1831.25,1831.50,1830.25,1830.50,2691,4517,1831.50,1830.25,1831.21,1830.79
01/05/2014,12:15,1830.50,1830.75,1830.00,1830.25,3073,2220,1831.00,1830.00,1831.00,1830.45
01/05/2014,12:20,1830.25,1831.00,1830.00,1830.75,3133,1555,1831.00,1830.00,1830.73,1830.65
01/05/2014,12:25,1830.75,1831.25,1830.50,1830.50,2977,2169,1831.25,1830.50,1830.69,1830.69
01/05/2014,12:30,1830.75,1831.25,1830.50,1831.00,2874,336,1831.25,1830.50,1830.69,1830.89
01/05/2014,12:35,1831.25,1832.25,1831.00,1831.75,7978,3985,1832.25,1830.79,1830.79,1831.51
01/05/2014,12:40,1832.00,1832.25,1831.50,1831.75,1676,2735,1832.25,1831.15,1831.15,1831.68
01/05/2014,12:45,1831.75,1832.25,1830.75,1832.00,2701,2213,1832.25,1830.75,1831.41,1831.68
01/05/2014,12:50,1832.00,1832.25,1831.50,1831.75,1691,3272,1832.25,1831.50,1831.55,1831.76
01/05/2014,12:55,1831.75,1832.00,1831.75,1832.00,2933,37,1832.00,1831.65,1831.65,1831.88
01/05/2014,13:00,1832.00,1832.75,1831.75,1832.50,5408,3784,1832.75,1831.75,1831.77,1832.25
01/05/2014,13:05,1832.75,1832.75,1832.00,1832.00,1644,3993,1832.75,1832.00,1832.01,1832.15
01/05/2014,13:10,1832.25,1832.75,1832.00,1832.50,4606,3052,1832.75,1832.00,1832.08,1832.37
01/05/2014,13:15,1832.50,1832.75,1832.00,1832.50,1960,1610,1832.75,1832.00,1832.22,1832.39
01/05/2014,13:20,1832.25,1832.50,1832.00,1832.25,439,1030,1832.50,1832.00,1832.31,1832.26
01/05/2014,13:25,1832.25,1832.75,1832.00,1832.25,1177,1861,1832.75,1832.00,1832.29,1832.31
01/05/2014,13:30,1832.25,1832.50,1832.00,1832.50,636,626,1832.50,1832.00,1832.30,1832.36
01/05/2014,13:35,1832.50,1832.50,1832.00,1832.50,1072,2266,1832.50,1832.00,1832.33,1832.37
01/05/2014,13:40,1832.25,1833.25,1832.00,1833.00,3646,1620,1833.25,1832.00,1832.35,1832.72
01/05/2014,13:45,1832.75,1833.25,1832.50,1833.00,3092,1268,1833.25,1832.50,1832.53,1832.86
01/05/2014,13:50,1833.00,1833.25,1832.25,1832.25,1334,1614,1833.25,1832.25,1832.69,1832.54
01/05/2014,13:55,1832.50,1832.50,1830.25,1830.75,5706,7364,1832.62,1830.25,1832.62,1831.37
01/05/2014,14:00,1830.50,1831.00,1830.00,1830.25,7486,4629,1832.00,1830.00,1832.00,1830.70
01/05/2014,14:05,1830.25,1830.50,1828.25,1829.00,11417,23285,1831.35,1828.25,1831.35,1829.62
01/05/2014,14:10,1829.00,1829.75,1828.00,1828.50,10198,7046,1830.48,1828.00,1830.48,1829.05
01/05/2014,14:15,1828.50,1829.25,1828.25,1829.00,4712,3657,1829.76,1828.25,1829.76,1829.05
01/05/2014,14:20,1828.75,1829.00,1828.50,1828.75,4117,3553,1829.41,1828.50,1829.41,1828.88
01/05/2014,14:25,1828.75,1829.00,1828.25,1828.75,2894,11862,1829.15,1828.25,1829.15,1828.78
01/05/2014,14:30,1829.00,1830.75,1828.75,1830.50,14322,5110,1830.75,1828.75,1828.96,1829.89
01/05/2014,14:35,1830.75,1832.25,1830.50,1831.50,5745,3900,1832.25,1829.43,1829.43,1831.04
01/05/2014,14:40,1831.50,1832.00,1831.00,1831.75,5686,5749,1832.00,1830.23,1830.23,1831.35
01/05/2014,14:45,1831.50,1832.25,1831.50,1832.00,5030,5118,1832.25,1830.79,1830.79,1831.71
01/05/2014,14:50,1832.00,1832.00,1831.00,1831.50,2817,2682,1832.00,1831.00,1831.25,1831.45
01/05/2014,14:55,1831.50,1831.75,1831.00,1831.50,5336,2443,1831.75,1831.00,1831.35,1831.42
01/05/2014,15:00,1831.50,1831.75,1831.25,1831.75,702,1643,1831.75,1831.25,1831.38,1831.58
01/05/2014,15:05,1831.75,1832.50,1831.50,1832.00,2207,2267,1832.50,1831.48,1831.48,1831.90
01/05/2014,15:10,1832.00,1832.75,1832.00,1832.50,5236,5581,1832.75,1831.69,1831.69,1832.29
01/05/2014,15:15,1832.50,1833.00,1831.75,1832.00,4243,7131,1833.00,1831.75,1831.99,1832.15
01/05/2014,15:20,1832.00,1833.25,1831.75,1833.25,7373,1568,1833.25,1831.75,1832.07,1832.71
01/05/2014,15:25,1833.00,1833.25,1832.25,1832.75,5226,4154,1833.25,1832.25,1832.39,1832.68
01/05/2014,15:30,1832.75,1833.00,1832.00,1832.75,5869,3610,1833.00,1832.00,1832.53,1832.61
01/05/2014,15:35,1832.75,1834.00,1832.50,1834.00,10648,5895,1834.00,1832.50,1832.57,1833.41
01/05/2014,15:40,1833.75,1834.25,1831.50,1832.25,8083,11001,1834.25,1831.50,1832.99,1832.65
01/05/2014,15:45,1832.25,1834.25,1832.25,1833.75,14930,10576,1834.25,1832.25,1832.82,1833.36
01/05/2014,15:50,1833.50,1833.75,1833.00,1833.00,1605,3328,1833.75,1833.00,1833.09,1833.17
01/05/2014,15:55,1833.00,1834.25,1832.00,1832.00,11820,11981,1834.25,1832.00,1833.13,1832.68
01/05/2014,16:00,1832.00,1832.75,1831.00,1831.00,19346,31080,1832.90,1831.00,1832.90,1831.73
01/05/2014,16:05,1831.25,1831.50,1830.50,1831.50,22171,12802,1832.32,1830.50,1832.32,1831.46
01/05/2014,16:10,1831.25,1831.50,1830.75,1831.25,4196,7642,1831.89,1830.75,1831.89,1831.33
01/05/2014,16:15,1831.00,1831.25,1830.50,1830.75,7514,11696,1831.61,1830.50,1831.61,1830.97
01/05/2014,16:20,1830.50,1830.50,1830.50,1830.50,0,10,1831.29,1830.50,1831.29,1830.66
01/05/2014,16:35,1830.75,1830.75,1830.00,1830.25,1500,2225,1830.97,1830.00,1830.97,1830.44
01/05/2014,16:40,1830.25,1830.50,1830.25,1830.50,605,108,1830.71,1830.25,1830.71,1830.49
01/05/2014,16:45,1830.25,1830.50,1830.25,1830.50,14,8,1830.60,1830.25,1830.60,1830.47
01/05/2014,16:50,1830.50,1830.50,1830.00,1830.00,141,834,1830.54,1830.00,1830.54,1830.21
01/05/2014,16:55,1830.25,1830.25,1830.00,1830.25,146,3,1830.37,1830.00,1830.37,1830.22
01/05/2014,17:00,1830.25,1830.50,1830.00,1830.25,409,117,1830.50,1830.00,1830.30,1830.26
01/05/2014,17:05,1830.25,1830.50,1830.25,1830.50,52,75,1830.50,1830.25,1830.28,1830.41
01/05/2014,17:10,1830.50,1830.75,1830.25,1830.50,324,188,1830.75,1830.25,1830.34,1830.47
01/05/2014,17:15,1830.75,1830.75,1830.25,1830.50,323,1079,1830.75,1830.25,1830.41,1830.48
01/05/2014,18:05,1830.75,1831.00,1830.50,1830.75,713,508,1831.00,1830.44,1830.44,1830.69
01/05/2014,18:10,1830.75,1831.00,1830.50,1830.75,193,46,1831.00,1830.50,1830.57,1830.71
01/05/2014,18:15,1831.00,1831.00,1830.50,1830.50,109,79,1831.00,1830.50,1830.64,1830.63
01/05/2014,18:20,1830.75,1830.75,1830.50,1830.75,38,24,1830.75,1830.50,1830.63,1830.68
01/05/2014,18:25,1830.50,1830.75,1830.50,1830.75,84,28,1830.75,1830.50,1830.66,1830.68
01/05/2014,18:30,1830.75,1830.75,1830.50,1830.75,117,15,1830.75,1830.50,1830.67,1830.68
01/05/2014,18:35,1830.75,1830.75,1830.50,1830.50,24,191,1830.75,1830.50,1830.68,1830.59
01/05/2014,18:40,1830.75,1831.00,1830.75,1831.00,180,0,1831.00,1830.63,1830.63,1830.88
01/05/2014,18:45,1830.75,1831.00,1830.75,1830.75,281,30,1831.00,1830.75,1830.75,1830.80
01/05/2014,18:50,1831.00,1831.00,1830.75,1830.75,9,107,1831.00,1830.75,1830.78,1830.81
01/05/2014,18:55,1831.00,1831.00,1830.50,1830.50,103,170,1831.00,1830.50,1830.79,1830.66
01/05/2014,19:00,1830.50,1830.75,1830.25,1830.50,81,216,1830.75,1830.25,1830.72,1830.54
01/05/2014,19:05,1830.25,1830.50,1830.00,1830.00,137,144,1830.63,1830.00,1830.63,1830.23
01/05/2014,19:10,1830.00,1830.25,1829.50,1829.50,237,737,1830.43,1829.50,1830.43,1829.84
01/05/2014,19:15,1829.50,1830.25,1829.50,1829.50,282,213,1830.25,1829.50,1830.13,1829.78
01/05/2014,19:20,1829.50,1829.75,1829.50,1829.50,25,56,1829.96,1829.50,1829.96,1829.64
01/05/2014,19:25,1829.50,1830.25,1829.25,1830.00,413,125,1830.25,1829.25,1829.80,1829.86
01/05/2014,19:30,1830.25,1830.25,1830.00,1830.00,17,52,1830.25,1829.83,1829.83,1830.02
01/05/2014,19:35,1830.25,1830.25,1829.75,1830.00,199,69,1830.25,1829.75,1829.92,1829.98
01/05/2014,19:40,1829.75,1830.00,1829.75,1830.00,15,72,1830.00,1829.75,1829.95,1829.94
01/05/2014,19:45,1830.00,1830.00,1829.75,1829.75,60,79,1830.00,1829.75,1829.95,1829.84
01/05/2014,19:50,1829.75,1829.75,1829.25,1829.50,174,197,1829.89,1829.25,1829.89,1829.58
01/05/2014,19:55,1829.50,1829.75,1829.50,1829.75,2,37,1829.75,1829.50,1829.74,1829.70
01/05/2014,20:00,1829.75,1829.75,1829.50,1829.75,85,38,1829.75,1829.50,1829.72,1829.69
01/05/2014,20:05,1829.75,1829.75,1829.50,1829.75,111,14,1829.75,1829.50,1829.70,1829.69
01/05/2014,20:10,1829.75,1830.00,1829.50,1829.75,129,47,1830.00,1829.50,1829.70,1829.74
01/05/2014,20:15,1829.75,1829.75,1829.50,1829.50,26,54,1829.75,1829.50,1829.72,1829.59
01/05/2014,20:20,1829.75,1830.00,1829.50,1830.00,117,16,1830.00,1829.50,1829.66,1829.83
01/05/2014,20:25,1830.00,1830.00,1829.75,1830.00,375,7,1830.00,1829.74,1829.74,1829.90
01/05/2014,20:30,1830.00,1830.25,1830.00,1830.00,5,115,1830.25,1829.82,1829.82,1830.01
01/05/2014,20:35,1830.00,1830.25,1829.75,1830.00,66,150,1830.25,1829.75,1829.92,1829.98
01/05/2014,20:40,1830.00,1830.25,1830.00,1830.25,168,4,1830.25,1829.95,1829.95,1830.14
01/05/2014,20:45,1830.25,1830.50,1830.25,1830.25,446,16,1830.50,1830.05,1830.05,1830.26
01/05/2014,20:50,1830.50,1830.75,1830.25,1830.75,203,9,1830.75,1830.15,1830.15,1830.53
01/05/2014,20:55,1830.75,1830.75,1830.50,1830.50,128,47,1830.75,1830.34,1830.34,1830.52
01/05/2014,21:00,1830.75,1830.75,1829.75,1830.00,43,345,1830.75,1829.75,1830.43,1830.19
